CONTROL_NUMBER,TARGET_B
122653,0
184239,1
5172,1
135377,1
62119,1
163194,1
159851,1
92024,0
93637,1
36893,1
22743,1
101337,0
22258,1
60184,1
51718,0
178919,1
189258,1
84678,1
43311,0
73682,0
28266,0
168633,1
38561,1
56912,1
141056,1
151575,1
118937,1
56321,1
190064,0
167580,1
148049,1
168259,1
167794,1
70301,1
15600,0
75515,1
79920,0
110814,0
159879,1
113106,0
153466,1
29334,0
55755,1
177009,1
107720,0
107413,1
132702,1
22262,1
35493,1
62426,1
98459,1
185687,0
80818,0
168507,1
58019,1
183816,1
153880,1
122716,1
187157,1
72667,1
55101,1
27041,1
107159,1
30861,1
19241,1
106382,1
80118,1
96589,0
100276,1
165838,1
120800,1
56451,1
87401,1
17882,1
135454,1
116262,1
71449,0
52768,1
155086,1
141582,1
36809,1
168599,1
71078,1
182955,1
29366,1
106235,1
123051,1
173688,1
145134,1
88662,1
93356,1
5478,1
133259,1
63021,0
69416,1
169198,1
160275,1
29722,1
25750,1
59808,1
16422,0
31685,1
96644,1
157665,1
69054,1
45856,1
18770,1
128870,1
83870,1
183868,0
126862,1
70062,1
53142,1
12147,1
30398,1
122466,1
145480,1
179673,1
68556,1
22038,1
143295,1
189649,1
19807,1
169179,1
82121,1
41222,1
98165,1
43095,1
12695,1
138173,1
148079,1
156457,0
99617,1
60764,1
44083,1
111886,1
27039,0
1902,1
187911,1
4254,1
154367,1
138999,1
91881,1
69477,1
13743,1
71186,1
103989,0
89922,1
69576,0
124322,1
139456,1
21720,1
24305,1
184075,0
139597,1
143008,1
1975,1
149896,1
181337,1
91421,1
12676,1
191125,1
165996,1
133315,1
106248,1
46415,1
36354,0
170939,1
62721,1
167488,1
68679,1
49408,1
58412,1
48506,1
191047,1
150172,1
94594,1
69149,1
121978,1
7300,1
3273,1
40006,1
17859,1
73754,1
143130,1
131229,0
123124,0
52222,1
132212,1
148636,1
17517,1
69235,1
100775,1
21170,1
26194,1
75247,0
65297,0
58891,1
186232,1
75609,1
16733,1
164704,1
18508,1
182890,0
25237,0
138925,1
124903,1
178290,1
80995,1
174956,0
93636,1
112889,0
119315,1
117186,1
135296,1
19068,1
36238,1
100543,1
11267,1
76470,1
183007,1
40383,1
316,0
128934,1
3931,0
53965,0
86666,1
66783,0
7245,1
146487,1
118312,0
47641,0
169700,1
78798,1
160938,1
4503,1
69297,1
187082,1
2393,1
112632,1
36228,1
168238,1
105306,0
75502,1
80236,1
166902,1
51835,1
132692,0
144694,1
81055,1
84199,1
143003,1
18345,0
148166,1
176701,0
80533,0
28381,1
64224,1
122594,0
146703,0
77011,1
13617,1
13027,1
54347,0
43884,1
119620,1
31183,1
160667,1
157295,1
12192,1
10347,1
73699,1
131954,1
44817,1
177556,1
122218,1
98793,1
154483,1
27271,1
34020,0
117595,0
11533,1
63858,1
100263,1
159014,1
83486,1
106271,1
114799,1
143405,1
61989,1
40154,0
80020,1
92817,1
191138,0
158849,1
28890,1
106517,1
138635,1
155763,1
170473,1
86351,0
186197,1
56762,0
177429,1
73881,0
158476,1
48806,1
174984,1
34853,1
24129,0
51269,1
142564,1
163465,1
156602,1
179928,1
56060,1
185338,1
20697,1
179794,1
149969,1
166600,1
79930,1
97736,0
130265,0
139478,1
90291,1
68808,1
145145,1
104467,1
157565,1
142288,1
92183,1
121019,0
79804,1
90483,1
12573,1
101090,1
155382,1
18177,0
182853,0
119686,0
38249,1
81105,0
185473,1
159588,1
164133,1
67808,1
139379,1
182144,1
71828,1
85207,0
114574,0
53924,1
21204,1
43537,1
79602,1
116232,1
42399,1
87182,1
84417,0
94201,1
44765,1
4739,1
74990,1
108602,0
159290,1
112023,0
105042,0
176825,1
24713,0
106530,1
36065,1
93534,0
19829,0
142917,1
166735,1
65013,1
181671,1
52761,1
183375,1
106389,0
31007,1
18921,0
62249,0
131188,1
165496,1
63292,1
88864,1
16450,0
21782,1
121478,0
180449,1
87037,1
164329,1
142579,1
86318,1
104848,1
60122,1
137667,1
147587,1
167899,1
132251,1
64938,1
139411,1
29875,1
34808,1
133955,1
72109,0
117008,1
3698,1
108166,1
138443,0
176965,0
174821,1
177017,1
163709,1
164505,1
171785,1
149033,1
61173,1
129672,1
144026,1
29070,0
126423,1
142514,1
19086,1
167202,1
159209,1
130254,1
67897,0
123184,1
1485,1
109759,1
8536,1
103979,1
177699,1
54308,1
102292,1
27987,1
72123,1
182519,0
116505,1
33429,1
139897,0
33444,1
166507,1
9866,1
94213,1
116267,1
220,1
2499,1
179021,1
100932,1
85550,1
83585,1
164551,1
185972,1
135343,1
77800,1
142203,1
38174,1
75179,0
189706,1
10491,1
93379,1
106330,1
77703,1
71523,1
52350,1
123972,1
27506,1
634,1
30067,1
35069,1
38098,1
120394,1
54369,1
63286,0
38777,1
22206,1
27532,1
144926,1
109028,0
168426,1
155555,1
149414,1
11907,1
54227,0
95762,1
12887,1
53557,0
18611,1
18664,0
107787,1
12394,1
179376,1
56367,1
168102,0
129155,0
23905,1
115269,1
182035,1
124530,0
28682,1
23657,1
17878,1
28040,1
45551,0
29124,1
103001,0
74819,1
112304,0
138758,0
56169,0
1635,1
149295,1
9358,1
45294,1
42898,1
50204,1
58318,1
143489,1
176221,1
84618,1
121744,1
85472,0
47420,1
13196,1
188999,1
164897,1
75910,1
47508,1
69607,0
1703,1
743,1
77458,1
157536,1
88361,1
124271,1
108397,1
149470,1
125503,0
163323,1
113951,1
94524,1
163697,1
143565,1
133295,0
84213,1
28946,0
165746,1
157398,1
148396,1
69411,1
31163,1
158843,1
95151,1
126329,0
154245,0
40012,1
112101,0
110257,1
113264,0
65635,1
145885,1
174267,1
2797,1
126921,0
40388,1
80143,1
96814,1
145026,1
125986,1
104533,1
151452,1
141266,1
129185,1
139914,0
153855,1
22416,1
48674,1
28668,1
136365,1
78951,1
75153,1
55282,1
51424,1
122256,1
15704,0
147320,1
26766,1
150067,1
189797,1
83060,1
6985,1
188284,1
9045,1
30546,1
188980,1
103775,0
77896,1
116588,1
164733,1
60897,1
61220,1
7492,1
41297,0
29141,1
120783,1
101554,1
11094,1
41901,1
52759,1
38692,1
141243,1
135983,1
21135,1
9650,1
148737,1
189611,1
176157,1
43397,1
173462,1
22438,1
44582,1
117970,1
139030,1
181203,1
53329,1
34863,1
16344,0
174576,1
131298,1
152104,1
101614,0
24975,0
174806,1
101263,1
174271,1
146036,1
32330,1
50122,1
34697,1
95802,0
49318,0
110581,1
183722,1
128792,1
66797,1
53091,1
65578,1
25792,1
128361,1
154274,1
135571,1
56733,0
7991,0
46435,1
77862,1
161463,1
136271,0
153864,1
88771,1
129200,1
108650,0
7637,1
131394,1
150421,1
162533,1
124624,0
28676,1
60248,0
116526,1
148025,1
157307,1
178715,1
53340,1
118831,1
160231,1
84101,1
94289,1
166475,1
134114,1
173508,1
3122,0
24869,1
70532,1
111210,0
32791,0
727,1
28746,0
175700,1
67621,1
187168,0
172332,1
154571,1
24204,1
151192,1
16574,1
36673,1
141666,1
44888,1
44989,1
114401,1
16723,1
17255,1
75416,0
32753,1
127313,1
52903,1
105083,1
187289,1
82848,0
176120,1
102742,1
37401,1
79180,1
138944,1
24310,1
135230,1
187638,1
19812,1
172171,1
53764,1
105415,0
55403,0
149319,1
28432,1
85329,0
29936,1
182883,1
36353,1
106053,0
52224,0
78594,1
24281,1
162087,1
172938,1
24386,1
151054,1
21624,0
57072,0
156233,1
113064,1
13269,1
91163,1
96169,1
156568,1
130658,1
133236,1
61078,1
38997,1
151738,1
167755,1
166270,1
86578,1
150933,1
28124,0
97100,1
66127,1
93883,1
136708,1
38036,1
123055,1
13999,1
172512,1
133564,1
129541,1
100218,1
8684,1
114613,0
130042,1
70117,1
7330,1
177837,1
65650,1
17217,1
82628,1
696,1
142479,1
145895,1
86235,1
36776,1
13082,1
93195,0
89680,1
156485,1
139399,1
142047,1
7178,1
35720,1
75461,0
83490,1
58203,1
88410,1
167054,1
127878,0
33769,1
152497,1
101004,0
32210,1
37833,1
182743,1
74706,0
147726,1
45971,1
78978,1
80036,1
144076,1
127823,1
124979,1
69266,1
12597,1
139772,0
109986,1
14770,1
22622,1
122353,0
181001,1
18568,0
31065,0
83908,1
170804,1
97295,1
186060,1
154374,1
51844,1
146649,1
66564,0
174249,1
121424,1
30934,0
167799,1
73301,0
124485,0
170649,1
120461,0
146585,1
24529,0
181698,1
93537,0
63507,0
146395,1
96548,1
5583,1
165965,1
78612,1
61298,1
4513,1
183275,1
159821,1
151560,1
53715,1
190626,1
47106,1
32694,1
161980,1
77708,1
31416,1
149516,1
58786,1
122823,1
53013,1
175951,0
49925,1
119615,1
17440,1
86658,0
45116,1
146241,1
77495,1
151122,1
111380,0
62966,1
96108,0
12616,1
109709,1
63290,1
175902,1
30804,1
99544,1
110094,0
154851,1
107472,0
43235,0
186170,1
102022,1
188835,0
60401,1
179563,1
185775,1
114531,1
41448,1
179358,1
183972,0
55726,0
101110,1
42515,1
140012,1
191516,1
79086,1
183849,1
4657,1
4594,1
57993,1
44248,1
140331,1
107316,1
94369,1
10800,1
427,1
159750,1
73399,1
19817,1
173443,0
46419,1
172475,1
22782,1
182397,1
39632,1
661,1
26587,1
13424,1
186882,1
37785,1
42574,1
153238,1
119159,1
69583,0
65740,1
154181,1
88222,1
81319,1
183993,1
176878,1
124554,1
142487,1
154315,1
177093,1
172031,1
7265,1
170714,1
58560,0
24277,1
58156,1
8518,1
150732,1
121971,1
117483,0
181167,1
20583,1
70814,0
84248,1
133534,0
39881,1
177543,1
59648,1
76711,1
147913,1
61711,1
63267,1
39257,1
166416,1
103448,1
157988,1
132636,1
152318,1
50276,0
88055,1
92264,1
40943,1
78588,1
95301,1
44406,1
80993,0
80856,1
167838,1
155541,1
181799,1
36530,1
107486,1
150081,1
187274,0
135239,1
120197,1
171143,1
80437,1
109451,1
182459,1
183374,1
189882,1
92525,1
186293,1
88627,1
94218,1
159130,1
71938,1
63000,0
72851,1
102099,0
12965,1
30331,1
186793,1
141179,1
96556,1
171396,1
170067,1
61026,0
102134,0
89528,1
176661,1
167579,1
3615,1
58499,1
80999,1
75668,1
114162,1
54905,1
69086,1
82447,1
190477,1
102207,1
81404,0
14279,1
58597,1
140084,1
164727,1
28337,1
90967,1
189554,1
73381,1
169540,1
147260,1
13249,1
83708,1
150822,1
164923,1
161759,1
164032,1
8938,0
105383,1
108087,1
73928,1
135785,1
59994,1
23270,0
99774,1
22106,1
80797,0
93993,1
5424,1
147406,1
58150,1
168492,1
113797,0
95590,1
40105,1
38685,1
185934,1
21657,0
111488,1
160292,1
104534,1
13890,1
64899,1
190614,1
47610,1
27310,1
70479,1
7082,1
21855,1
178009,1
47111,1
11833,1
162910,1
9874,1
78116,1
151955,1
151854,1
59304,1
66225,1
14873,1
162650,1
78377,0
20752,1
23932,1
132179,1
10031,1
102497,1
98113,1
169048,1
80227,1
46657,1
85804,0
162342,1
110476,1
80256,1
2233,1
4052,1
90990,1
140181,1
100640,1
121026,1
11180,1
1722,1
96417,1
36187,1
123466,1
148699,1
159533,0
57643,1
181007,1
104755,1
150144,1
4726,1
157529,1
177636,1
1909,1
29663,1
113315,1
139470,1
185460,1
72682,1
48567,1
107815,0
147936,1
79108,1
53572,1
64906,0
179309,1
26680,1
161931,1
30903,1
5610,1
44431,0
88690,1
48006,1
25428,1
104541,0
179655,1
175731,1
16774,1
1985,1
108698,1
98921,1
86042,1
81463,0
21132,1
24387,0
53286,1
166029,1
169221,0
110203,1
184098,1
106737,0
96998,1
20551,1
137671,0
6232,1
48497,1
75790,1
148740,1
67988,1
257,0
123667,1
76626,1
56040,1
105815,1
72585,1
133310,1
151150,1
38946,1
182439,1
122735,1
18586,1
83128,1
172956,1
42884,1
163304,1
188896,1
90000,1
74810,0
171358,1
118890,1
140134,1
176782,1
185053,1
54971,0
134920,1
126513,1
95071,1
141834,1
109462,0
118099,1
75238,1
143496,1
106965,1
90842,0
23732,1
134637,1
102971,0
109194,1
67159,1
84100,1
158822,1
98248,1
30779,0
86891,1
31017,0
14981,0
142421,1
163949,1
54762,1
11062,1
114263,1
154464,1
137178,0
149595,1
172730,1
30051,1
141276,1
137998,1
155567,1
127707,0
35300,1
175253,1
142783,1
174693,1
82594,1
76268,1
66187,1
1962,1
140698,0
6050,1
2451,1
37065,1
159458,1
187686,1
21463,0
47709,1
61275,1
141315,1
24330,1
191524,0
77751,1
77279,1
147649,1
124545,1
87217,1
153623,1
123266,0
54553,1
54859,1
95261,1
118748,1
122711,1
177719,0
183370,0
152181,1
161237,1
69819,1
148840,1
74782,1
12900,1
27753,1
161093,1
23022,1
49055,0
45377,1
160930,1
56441,0
55138,0
98249,1
142582,1
112750,0
52415,0
187380,1
17384,1
126563,1
145724,1
22645,1
46422,1
187755,1
179444,1
164160,1
5291,1
15979,0
106887,1
120665,1
162945,1
16011,1
23436,1
66257,0
84373,0
52132,1
189237,1
675,1
106285,0
25357,0
129578,1
98901,0
41477,1
99986,1
108583,1
30898,1
116757,0
99201,0
119355,1
3965,1
174659,1
36963,1
167748,1
140377,0
138841,1
162392,1
182679,0
186146,1
140958,1
132907,1
4300,1
14831,1
32841,1
90532,1
88363,1
79725,1
130888,1
41357,0
183372,1
54775,0
124729,1
1920,1
35947,1
125552,1
118905,1
145838,1
93310,1
23934,1
8438,1
182840,0
71198,1
180787,1
162341,1
20189,1
17567,1
56779,1
181611,1
172232,1
149622,1
96014,1
45206,1
141551,1
11971,1
57755,1
62115,1
169603,1
162140,1
171214,1
6054,1
168188,1
73079,1
20704,1
189465,1
59354,1
20188,1
22161,1
29418,0
3070,0
73740,0
186764,1
181438,1
99890,0
3412,1
127796,1
12547,1
166278,1
175155,1
10553,1
41463,0
186530,1
155091,1
124189,0
20641,0
104687,1
17532,0
14501,1
119356,1
75425,1
130357,1
162497,1
14621,1
60922,1
45201,1
48274,1
142163,1
62288,1
44419,1
60337,1
46136,1
88508,1
184615,1
134553,0
161856,1
32975,1
84024,1
76437,1
144859,1
176740,1
121638,1
130764,1
20881,1
140577,0
141891,1
111983,1
98448,1
106425,0
133314,1
138277,1
111017,0
7494,1
28164,1
10952,1
2931,1
112118,0
101385,0
111295,1
38857,0
3651,0
40520,1
54041,0
112594,1
105412,1
91223,1
184056,1
27597,1
57349,1
10907,1
123938,1
39665,1
22046,0
150639,1
171365,1
108158,1
109235,0
184406,0
18019,0
116653,0
187968,1
50200,1
132917,1
49223,1
147469,1
85966,1
57407,1
117673,1
60512,1
24016,0
47827,1
185467,1
176931,1
14615,1
149538,1
137540,1
148015,1
155224,1
143213,1
106424,1
59699,0
140625,1
131971,1
137529,1
114322,1
43119,1
12201,1
99219,1
69834,1
84276,1
64188,0
189018,1
8951,1
37250,1
178981,1
70819,1
163168,1
136011,0
48234,1
114676,1
183839,1
100287,1
162340,1
152299,1
34917,1
38105,1
11719,1
151819,1
13640,1
42033,1
136299,1
143292,1
7452,1
85931,1
102694,1
146339,1
50220,1
70366,1
137253,1
82446,1
133161,1
69745,1
174470,1
76105,1
79850,1
97937,0
36792,1
27070,0
153941,1
182356,1
128235,1
120249,1
73053,0
185517,1
58075,1
79389,1
154027,1
63135,1
158679,1
184655,0
172128,1
93572,1
127879,1
154859,1
175226,1
153445,1
21838,1
159482,1
2678,1
170825,1
24212,1
177087,1
109225,1
174948,1
144110,1
90566,1
171979,1
35538,1
33115,1
62281,0
43409,1
132735,1
130369,1
15256,1
105436,1
43100,1
24121,1
166606,1
63380,1
23234,0
15780,1
36587,1
188164,1
50027,1
20347,0
4463,1
5496,1
88838,1
6777,1
178122,1
23839,1
92052,1
98335,1
5003,1
158169,1
139887,1
174373,1
132660,1
142187,1
28610,0
63383,1
125599,1
23506,1
178237,1
104614,1
122506,1
7485,1
135413,1
5759,0
85457,1
75481,1
173948,1
130160,0
115034,0
145231,1
109005,0
7590,1
78199,1
124768,1
186993,1
174551,1
56470,1
177894,0
91964,1
38181,1
130734,1
101098,1
123699,1
151973,1
27659,1
20083,1
90057,1
66209,1
36139,1
27504,1
24132,1
121803,0
103174,1
26251,1
20245,1
57195,0
79032,0
99543,1
56795,1
73873,1
164513,0
60610,1
33192,1
84886,1
82698,1
4393,1
142359,1
26206,1
177937,0
53863,1
135900,1
135722,1
154301,1
30371,1
52804,1
157318,1
122988,1
87229,1
113254,1
14916,1
63951,1
21341,1
176092,1
82981,1
37221,1
17006,1
104598,1
165508,1
98565,1
175198,1
62136,1
186731,1
646,1
104401,1
139220,1
79085,1
56831,1
74780,1
1709,1
134619,1
52196,1
31073,1
183528,1
136349,1
187169,0
74277,1
110951,1
71279,1
1431,1
104969,1
161374,1
171655,1
93025,1
136747,1
180408,1
71153,0
103144,1
187543,1
19686,1
181124,1
116325,1
188396,1
67368,1
97221,1
96003,1
77848,1
188645,1
191007,1
32278,1
44442,1
1505,1
64727,1
107040,1
113879,0
176188,1
167720,1
99484,1
82610,1
93602,1
2491,1
86665,1
130507,1
146106,1
42024,1
83806,1
156876,1
105275,0
145392,1
168696,1
78179,1
82050,1
178423,1
160869,1
76578,1
190615,1
15467,1
52230,1
175112,1
47617,1
168393,1
147206,1
36714,1
92500,1
53327,0
58145,1
177990,1
161849,1
134005,1
114721,1
35298,1
182115,0
99382,1
7118,1
21305,1
66569,0
53384,1
19097,0
68088,0
137870,1
67496,1
7080,1
74436,0
12011,1
9576,1
167093,1
49984,1
39496,1
163758,1
117464,1
47914,1
17093,1
59862,1
156821,1
28061,1
124980,1
147162,1
191779,1
88145,1
111419,1
140461,1
179716,1
71376,1
64083,1
189264,1
189958,1
2749,1
110755,1
106455,1
898,1
150158,1
56398,1
121869,1
57705,1
165857,1
177053,1
119576,1
29483,1
58269,1
118673,1
7676,1
148991,1
73954,1
102361,1
127178,1
21739,0
37764,1
165066,1
13030,1
105300,1
67906,0
21933,1
111603,1
170317,1
92981,1
120972,1
148412,1
187251,0
118527,1
9049,1
13551,1
96813,1
170849,1
154839,1
45666,1
176261,0
89856,1
189631,0
176637,1
74737,1
92787,1
146869,1
124785,1
175520,1
52847,0
130262,1
19495,1
105616,1
178519,1
173953,1
84745,1
147692,1
85487,1
181761,0
186929,1
19440,1
82770,0
83279,1
4755,1
84210,1
128565,1
84961,1
126945,1
171788,1
101855,1
76150,1
92058,1
68022,1
131100,1
38743,1
4200,1
118554,1
47404,1
51469,1
142470,1
119190,1
52476,1
92508,1
187298,1
117825,0
140304,1
110538,1
108781,1
173616,1
68270,1
102016,1
138991,0
147820,1
58043,0
12655,1
11921,1
26878,1
120639,0
188727,1
138000,1
87508,1
20751,1
157036,1
93759,1
44500,1
142321,1
67077,0
33314,1
50614,1
134881,0
182279,1
151546,0
104705,1
68441,0
109502,0
53281,1
5953,1
37528,1
7402,1
114694,1
100550,1
141742,1
116062,0
110547,1
139420,0
9816,1
102741,0
57613,0
36710,1
151768,1
76612,1
148351,1
111219,1
91835,1
110706,0
162209,1
99898,1
36528,1
17761,1
544,1
127034,1
119383,1
6064,1
111545,0
179249,1
110774,1
95938,0
25106,1
114579,0
45368,1
49276,1
47869,0
78180,1
76128,1
172095,1
111732,1
88807,1
172018,1
177516,1
83668,1
71132,1
133059,1
152287,1
105296,0
166546,1
164961,1
33525,1
126994,1
182608,1
45532,1
42419,1
18543,1
117639,1
88588,1
182286,1
173232,1
119156,0
163783,1
134773,1
102181,1
31217,1
56124,0
43066,1
130568,1
86804,1
2510,1
31400,1
92348,1
181408,1
86818,0
115431,1
168603,1
85113,1
80035,1
170860,1
54959,0
89686,1
91134,0
72409,1
16126,0
153521,1
151614,1
45605,1
26272,0
43788,1
190412,1
151995,1
186880,1
51149,1
28849,0
109449,1
140662,0
114598,1
140688,1
55091,1
118401,1
83073,1
145855,1
121193,0
186240,1
164188,1
110519,1
137695,0
8305,1
162494,1
48822,1
111708,0
155149,1
136025,1
153185,1
44940,1
78707,1
157108,1
106958,0
157518,1
43595,1
104039,1
131106,1
91987,1
148852,1
71639,1
101511,1
46474,1
64844,1
146827,1
124384,1
49444,0
81985,1
36371,1
183399,1
59999,0
92861,1
83131,1
150844,1
75537,1
107204,0
108919,1
149285,1
17363,1
186472,1
178618,1
11395,0
105768,0
11143,1
124251,0
124787,1
88848,1
174991,1
132336,0
191418,1
40055,1
101689,0
153175,1
142830,1
28406,1
47276,1
108050,1
72139,1
58835,1
10248,1
171328,1
168234,1
54035,0
98873,1
52825,1
149741,1
94547,1
190018,1
2194,1
112319,1
43706,1
35839,1
66013,1
125289,1
99255,1
72875,1
182803,1
46170,1
158866,1
88954,1
17021,1
169437,1
168956,1
97641,1
161753,1
20015,1
152376,1
106686,1
188812,1
133822,0
161218,1
57057,0
77650,1
76704,0
182314,1
109208,0
49256,0
167733,0
113775,0
90092,1
5681,1
162373,1
177640,1
135675,1
165556,1
156572,1
111906,0
55341,1
16657,0
24123,0
108918,1
10399,1
34120,1
65322,1
24667,1
151484,1
3312,1
54696,1
158213,1
32282,1
34719,1
151332,1
70165,0
62613,1
147634,1
155259,1
183081,1
67102,1
102896,0
82479,0
41288,1
98376,1
11115,1
116253,1
173559,1
25020,0
125147,1
21484,0
112479,0
10614,1
11952,1
177421,1
71388,1
121292,0
70566,0
98447,1
41065,1
190671,1
141505,1
99561,1
92121,1
139857,0
21297,1
187855,1
3769,1
190313,1
116525,1
185505,1
152714,1
124531,1
31156,1
54795,1
13574,1
149848,1
92135,1
182105,1
100981,1
190730,1
136597,1
130969,1
4390,1
126987,1
14233,0
46223,1
170123,1
94486,1
171528,1
15277,1
60176,1
187712,1
25759,1
110189,0
183564,1
119345,1
41022,0
2950,1
132822,0
26475,1
65557,1
77157,1
163233,1
90108,1
27332,1
45878,1
105641,1
136790,1
6170,1
75105,1
112172,1
107327,1
187748,1
24396,1
137279,0
156344,1
142171,1
166101,1
47821,1
116309,1
75613,0
36518,1
115341,1
112182,0
178085,1
96314,1
137680,1
33731,1
70484,1
186989,1
21969,1
126553,1
6009,1
47251,1
74825,1
75019,1
171445,1
131468,1
43532,1
178179,1
131423,1
83933,0
165990,1
77,1
65239,0
107170,0
120790,1
45798,1
34849,1
118186,1
149773,1
125444,1
101553,1
153871,1
125401,0
167357,1
158503,1
111203,1
157104,1
156428,1
64248,0
174908,1
16906,0
90601,1
78643,1
1092,1
190778,1
81173,1
44605,0
54794,1
123669,1
96505,1
165283,1
116968,1
7804,1
156734,1
142895,1
65634,1
152754,1
37581,1
177119,1
147316,1
64113,0
161733,1
75152,1
182993,0
121890,1
37117,0
186501,1
26712,1
93361,0
152784,1
29010,1
137510,1
123146,1
156505,1
172638,0
72304,0
54942,0
29236,1
119474,1
92328,1
114339,0
133038,0
131921,0
123109,1
149138,1
56863,1
98390,1
80378,1
112535,0
54142,0
98317,0
162867,1
117271,1
99308,1
172005,1
34319,1
59584,1
107684,0
143501,1
163352,1
189806,0
124143,1
8013,1
13655,1
2846,1
56423,1
151504,1
119974,1
71342,0
183207,1
49960,1
168228,1
111485,0
170215,1
53389,0
121070,1
41643,1
62311,1
14259,0
138484,1
176032,1
79080,1
118639,1
74043,1
138378,0
89734,1
120658,0
172033,1
67,1
55837,1
90070,1
79757,1
72850,1
68981,1
35660,1
81355,0
89683,1
132272,0
64975,0
88405,1
9561,1
43753,1
4767,1
58117,0
61975,1
136313,1
184175,1
152412,1
65513,1
109436,0
28988,1
79527,1
189188,1
57462,1
166261,1
64874,1
162547,1
113426,1
43647,1
150040,1
12737,1
97227,1
3691,0
103468,0
21869,1
119402,0
184395,0
2058,1
137072,1
131832,1
114127,0
56773,1
27824,1
59696,1
7592,1
119149,1
51133,1
178689,1
103178,0
23211,0
163356,1
49059,0
14268,0
153499,1
148523,1
115611,1
140742,1
50203,1
67044,0
6348,1
85567,0
115289,1
97879,1
44922,0
182385,1
99697,1
6615,1
65454,1
86478,0
79532,0
5492,1
104605,1
156112,1
15066,1
150036,1
37028,1
142009,1
141593,1
24663,1
117279,1
39306,1
180342,1
89696,1
66440,0
5592,1
174286,1
28909,1
144670,1
121446,1
125180,0
135809,1
51846,1
1928,1
133049,0
175782,1
70195,1
26887,1
152617,1
22458,1
50899,1
157311,1
88822,1
65689,0
26378,1
132517,0
9455,1
116131,1
186817,1
77534,1
112920,0
102521,1
21034,0
34718,1
68297,0
118564,1
94884,1
167763,1
7173,1
146462,1
117103,1
169465,1
78316,1
190553,1
115766,1
165366,1
62482,1
143223,1
2964,1
32390,0
57052,1
69893,1
17145,0
59468,0
168368,1
122944,0
123604,1
138977,1
64776,1
124484,1
10434,0
170448,1
71579,1
113144,1
64161,1
151702,1
93609,1
164989,1
163660,1
124920,1
184913,1
46129,1
150838,1
50230,1
70061,0
161514,1
85759,1
39174,1
46409,1
180258,1
117813,1
111597,1
27835,1
153353,1
75422,1
109176,1
151596,1
10319,1
129225,1
68657,1
139141,0
166787,1
26607,1
124944,0
189705,1
163018,1
38327,1
77918,1
172088,1
165819,1
76632,1
81694,1
46844,1
112387,1
102090,0
148328,1
63813,1
8736,1
159777,1
43769,1
44900,1
148841,1
87490,0
154067,1
41103,1
155381,1
110308,1
33183,1
13434,1
85242,1
70976,1
144766,1
88017,1
171385,1
182908,1
25690,1
81695,1
37268,1
171989,1
165422,1
8084,1
43562,1
78669,1
77630,1
43974,1
37709,1
187701,1
34592,1
14552,1
18511,0
71172,1
175996,1
57593,1
21003,1
39612,1
140489,1
34437,1
29205,1
144676,1
138889,1
170563,1
63572,1
54127,1
114747,1
86466,1
56609,1
92200,1
114145,1
43634,1
101938,0
176296,1
142790,1
92664,1
115186,1
82212,1
161625,1
144963,1
57119,1
85941,0
185983,1
126299,1
89195,1
185540,1
127921,1
67039,1
181140,1
41537,1
105268,1
48277,1
104709,1
616,1
51441,1
92474,1
56339,1
162259,1
34957,1
46274,1
53268,1
162849,1
20612,1
114575,0
20759,1
30047,1
3660,1
36457,1
167401,1
35363,0
99338,1
12005,0
81483,1
117298,1
144399,1
62056,1
66701,1
63186,1
121310,1
64015,1
25635,1
48003,1
21335,1
14272,1
154799,1
51022,1
183935,1
158977,1
62827,1
4804,1
43020,0
140001,1
122348,1
163289,1
63430,0
43013,1
82407,1
186251,1
88047,1
101116,1
170219,1
70835,1
17235,1
184486,1
46541,1
52938,1
145809,1
135552,1
19652,0
165378,1
86000,1
156179,1
107951,1
182324,1
57419,1
96140,1
152723,1
62133,0
68222,0
85853,0
76609,1
176053,1
88359,1
154055,1
74910,1
39050,1
62279,0
18428,1
17503,1
172635,1
140523,1
62687,1
79764,0
178968,1
70039,1
67890,0
75801,1
139059,0
32552,1
115585,1
108197,1
110799,1
177076,1
40576,1
72975,0
20865,0
77486,1
185052,1
27640,0
54085,1
5272,1
19301,1
112483,1
49195,1
66300,1
2853,1
86323,0
135336,1
25734,1
87485,1
50144,1
127759,1
189199,0
127399,1
165109,1
158082,1
20593,1
65512,1
106300,1
120756,0
71028,0
36008,1
153427,1
141159,1
4590,1
124128,1
93242,0
61776,1
35419,1
177458,1
123478,1
184696,1
57488,1
10631,1
55160,1
117179,1
123822,1
137845,1
23640,1
123088,1
75125,1
76540,0
159922,1
167495,1
27108,1
109520,1
158355,1
111236,0
174428,1
157100,1
97596,1
92254,1
3099,1
54849,1
137017,0
150802,1
28596,1
20029,1
33922,0
1731,1
98180,1
171700,1
60615,1
153725,1
183096,1
105718,0
85059,1
18584,0
187121,1
162958,1
163267,1
55621,1
102079,0
77252,1
5420,1
90120,1
22170,1
149499,1
42713,1
1863,1
65181,0
89210,1
109292,1
66006,1
125230,1
57492,0
180280,1
183244,1
178456,1
162762,1
182469,1
15737,1
61616,0
111281,0
10719,1
56674,1
88162,1
156959,1
113830,1
12220,1
156929,1
154511,1
54121,1
189494,1
101498,1
139316,1
145060,1
157657,1
190355,1
161464,1
105608,1
49049,0
29501,1
157510,1
187343,1
82065,1
78455,1
78841,0
152708,1
37593,1
177861,1
59167,0
99761,1
146271,1
40516,1
88353,1
148520,1
88417,1
106877,1
70803,1
37603,1
156954,1
28045,1
160178,1
55484,1
131419,1
170169,1
121909,0
162055,1
187906,1
107321,1
185937,1
38472,1
150595,1
38581,1
187696,1
175248,1
157754,1
172802,1
3550,1
17881,1
181860,1
12621,1
159640,1
188225,1
56834,0
80774,0
7900,1
72204,0
41275,1
64444,1
55209,0
150839,1
35205,1
134012,1
75158,1
19363,1
7169,1
156559,1
167418,1
125086,1
118574,1
177329,1
29047,1
11561,1
134216,1
143998,1
125913,1
37427,1
131087,1
27002,0
108475,1
11254,1
26410,1
157204,1
117953,1
80325,0
41936,1
67422,0
77430,1
137971,0
179751,1
161627,1
184277,0
16837,1
142432,1
150076,1
173165,1
78030,1
68352,0
5604,1
8384,0
155478,1
41834,1
6599,1
149413,1
101856,1
80216,1
112375,1
83446,1
78994,1
143095,1
68274,0
62742,1
74707,0
127963,0
41488,1
92338,1
42878,1
100789,0
181460,1
97191,1
67013,1
129284,1
171512,1
76996,0
88196,1
168422,1
53158,1
63793,0
108156,1
137551,1
103111,0
157709,1
32634,1
144050,1
48522,1
151491,1
81823,0
115956,0
97829,1
34098,1
103856,1
100265,1
79774,1
95386,1
101302,1
135438,1
31616,1
176529,0
140674,1
113629,0
45680,1
44269,1
74276,0
23659,0
166031,1
185440,1
181476,0
74958,0
72153,1
188804,1
185925,1
35550,0
17478,1
75911,0
34883,1
36480,1
36034,1
67389,1
55870,1
1959,1
98008,1
87584,1
61908,0
104843,1
184092,0
164289,1
61808,1
152527,1
62084,1
159180,1
62374,1
139924,1
188721,1
81806,0
70504,1
97416,0
106583,1
80812,1
14468,1
42931,1
158816,1
24610,1
113071,1
89954,1
180501,1
116420,1
174426,1
152986,1
105331,0
139628,1
89586,1
175890,1
86713,0
130084,1
109624,1
79528,0
55482,1
80362,1
69963,0
56318,1
154127,1
14064,1
94205,1
70335,0
128807,1
20012,1
184221,1
9535,1
50307,0
75777,0
79361,1
88489,1
62624,1
164354,1
17060,1
9230,1
140456,1
144673,1
177151,1
153528,1
185780,1
7301,1
86353,0
19608,1
95806,0
112633,1
56599,0
14984,1
114913,1
28854,0
92864,0
147119,1
31887,1
104259,1
178563,1
63113,1
85777,1
143518,1
14591,1
63457,0
52481,1
26675,0
47180,0
179555,1
98355,0
119080,1
179225,1
23039,1
114109,1
52307,1
24576,1
182697,0
172866,1
128194,0
41905,1
153853,1
62506,0
96481,1
138945,1
7127,1
122295,0
137424,1
80301,1
117054,0
191649,1
1030,1
185305,1
91242,1
35264,1
116715,1
44788,0
187611,1
165060,1
99722,1
141992,1
91715,1
163369,1
74201,1
143351,1
189251,1
163144,1
10489,1
89546,1
88198,1
162352,1
61039,0
179644,1
75992,1
169350,1
16785,1
128943,1
179359,1
140217,1
61492,0
113984,0
116290,1
25817,1
113511,1
183987,1
9605,1
35751,1
43983,0
92777,1
119868,1
88003,1
26052,1
185689,0
173300,1
141786,1
130936,1
166137,1
86192,0
113710,1
67397,1
133430,1
160610,1
173080,1
129389,1
77051,0
122856,1
53763,1
187501,1
22749,1
26045,0
171570,1
16136,1
24659,1
98672,1
136297,1
181296,1
39570,1
41322,1
108263,1
116814,0
99647,1
173933,1
107510,1
27673,1
188078,1
25073,0
176695,0
186680,1
139485,0
150072,1
27638,1
118678,1
24566,1
68962,1
126035,1
69122,1
82026,0
64212,0
36576,1
31039,1
128015,0
140119,1
59880,1
48600,1
16544,1
14982,1
45922,1
172704,1
128685,0
188365,1
170057,1
24671,1
160692,1
168022,1
6525,1
2340,0
83536,1
115091,1
150292,1
36512,0
80300,1
58973,1
184001,1
160598,1
40585,1
177469,1
87407,0
147768,1
136990,1
189309,1
53261,1
134041,1
58750,1
70277,1
87695,1
86385,0
76770,0
141814,0
169106,1
183240,1
20020,1
40748,0
74472,1
150750,1
89326,1
117524,1
127028,1
4003,1
52012,0
74701,0
86436,1
60828,1
127893,1
152816,1
119209,1
148883,1
138953,1
159591,1
86420,1
20488,1
189346,1
120115,0
30472,1
178355,1
112564,1
171702,1
143167,1
171660,1
67342,1
152898,1
133640,1
28438,1
109196,1
163081,1
161393,1
99156,1
134833,1
143470,1
129041,1
86640,1
30651,1
120463,1
141475,1
120479,0
23520,1
126066,0
185817,0
125633,1
33725,0
12330,1
37519,1
127856,1
72679,1
123210,1
62063,1
40223,1
119283,1
112778,1
170889,1
16277,1
150548,1
144974,1
180305,1
33524,1
55752,1
153378,1
132031,1
126924,1
149162,1
10294,0
39761,1
70098,1
115407,0
146098,1
81789,1
44326,0
24008,0
133481,1
137716,0
50882,1
53625,1
75408,1
167265,1
36588,1
118576,0
178512,1
43492,1
51751,1
148814,1
32040,0
116372,1
118190,1
110068,1
188260,1
103920,1
170402,1
27883,1
167396,1
46153,1
108290,1
151958,1
9390,1
43549,0
105459,1
22169,1
59292,1
12846,1
81710,1
126029,1
168586,1
136154,0
154976,1
98962,0
149227,1
100094,0
138966,1
112959,1
119243,0
76882,1
118362,0
159316,1
48486,1
187020,1
8207,1
114662,1
4760,1
100324,1
131404,1
105954,1
41588,1
105451,0
178692,1
21659,1
18091,1
129598,1
65596,1
141911,0
54837,0
164486,1
76651,1
84196,1
97537,1
117877,1
55023,1
127143,1
57963,1
139825,0
126838,1
286,0
130741,1
1350,1
146198,1
53853,1
55756,1
188824,0
65073,1
80686,0
152092,1
160209,1
89409,1
106850,1
105409,1
29552,0
66579,1
33673,1
107298,0
67595,0
128599,1
72972,0
126146,1
187707,1
52036,1
71455,0
160369,1
188494,1
156866,1
42688,1
50688,1
7634,1
184269,0
128024,1
161589,1
41764,1
182130,1
70469,1
131189,1
76712,1
121879,1
99228,0
129105,1
153460,1
167938,1
30829,0
130608,1
176088,1
161559,0
73513,1
90314,1
19855,1
102665,1
153389,1
75695,1
13229,1
147167,1
85309,0
115729,1
73866,1
151497,1
183293,1
61144,0
68560,1
62417,0
89478,1
103872,0
82850,1
124826,0
103077,1
113455,1
58728,0
24020,1
109873,1
122350,1
159911,1
26956,1
132194,0
85658,1
142957,1
172863,1
155749,1
158494,1
156784,1
41078,1
107644,1
92962,1
24321,1
29030,0
127543,1
67475,1
169857,1
38,1
52091,1
167504,1
150687,1
52134,1
36755,1
148981,1
1927,1
136181,0
167826,1
23614,1
70679,0
137962,1
40234,1
68672,1
8823,1
32230,1
91591,1
37909,1
129453,1
90379,1
157251,1
96265,1
160239,1
33911,1
39770,1
57107,0
39808,1
172314,1
34448,0
19920,1
52244,1
70016,0
174974,1
82701,1
12652,1
90680,1
73130,1
69889,1
66296,1
16813,1
7646,0
64590,0
179745,1
17444,1
36094,1
3012,1
163178,1
18657,1
181029,1
86255,1
132394,1
146208,1
19314,1
160196,1
24172,1
19020,1
142688,1
79326,1
115052,1
28286,1
113845,0
184964,1
83681,0
185915,1
65697,1
117034,0
11991,0
25362,1
145088,1
99310,1
37464,1
28705,0
128435,1
113509,1
189723,1
24019,1
43952,1
83376,1
85038,1
6755,1
142778,1
52776,1
136917,1
21769,1
96851,1
81879,1
54850,0
55117,0
153647,1
170567,1
143592,1
161969,1
148215,1
35581,1
92065,1
20763,1
62202,0
159826,1
96977,0
165705,1
122311,1
56787,1
31997,1
171626,1
68456,1
187820,1
82995,1
29760,1
111138,1
132157,1
107816,0
143535,1
170768,1
18897,0
706,0
172220,1
70436,1
363,1
178540,1
107944,1
88002,1
10666,0
127504,1
1371,1
178190,1
181800,1
49033,1
62265,1
159178,1
35055,1
81289,1
92145,1
1628,1
83656,1
83564,1
155851,1
152847,1
184404,0
131434,0
69137,1
86097,0
121536,1
82866,1
150377,1
131729,1
44739,1
10467,1
89581,1
21339,1
35641,1
99549,0
9443,0
125453,0
162271,1
41705,0
29294,1
188320,1
73623,1
136857,1
78288,0
167640,1
144445,1
97240,1
112247,0
45559,1
9923,1
103426,1
57990,1
186482,1
158938,1
191297,1
12542,1
148959,1
134566,1
27569,0
184978,1
174453,1
118129,0
151679,1
31985,1
117383,0
49656,1
116539,1
127311,1
24849,1
69578,1
17646,1
50744,1
79399,1
45071,1
145991,1
146900,1
22087,0
66337,1
92947,1
50632,1
97842,0
122258,0
96736,1
93558,1
139183,1
20962,1
151934,1
65360,1
144435,1
101432,1
86480,0
163687,1
96156,0
131600,1
114873,1
135586,1
162535,1
64563,0
162544,1
4315,1
184480,0
38392,1
22557,1
56585,1
1819,1
124694,1
84940,1
91005,1
94951,1
116739,1
38025,0
32622,1
95406,1
104902,1
144584,1
23028,0
48365,1
18581,1
120734,1
175384,0
92806,0
29345,0
3414,0
61421,0
86256,0
89354,1
171740,1
112970,1
17313,1
137915,1
177227,1
66745,0
131602,1
37291,1
182331,1
18757,1
36734,0
79974,1
173200,1
39617,1
24482,1
181941,0
15566,1
131079,1
35346,0
17921,1
96077,1
41,0
11500,1
182495,1
88516,1
412,1
128927,1
185778,1
5354,1
138653,1
102372,0
87395,1
53004,1
74885,0
35067,1
127265,0
190552,1
160204,1
92244,1
28292,1
109533,1
183160,1
104248,1
150282,1
54392,1
119635,1
51563,1
135864,1
49697,1
140169,1
167272,1
186582,0
23459,1
128451,1
132252,1
24388,0
124328,1
64747,1
14898,1
84974,1
190769,1
136999,1
116215,1
114360,0
26884,1
84599,1
183954,0
58553,0
12231,1
16329,1
93834,1
159,1
28072,0
149107,1
154773,1
22188,1
124904,1
161815,1
71404,1
66625,1
186779,1
111316,1
65984,1
128453,1
168032,1
27634,1
170171,1
54502,0
13970,1
164593,1
542,0
13175,1
69537,1
76781,1
145098,1
169280,1
26256,1
39289,1
179377,1
54890,1
55534,1
32843,0
67413,0
142297,1
147430,1
162492,1
185304,1
10502,1
96727,1
175847,1
103290,1
1477,1
36013,1
170590,1
95655,1
71357,0
14808,1
115833,1
35306,1
95548,0
181409,1
81742,1
144726,1
38707,1
188795,1
21353,0
111833,1
76125,0
41089,1
123819,1
107143,1
73786,1
136049,1
52677,0
147175,1
144305,1
185514,1
188367,1
4194,0
170457,1
3885,1
89460,1
142089,0
99334,1
10211,1
85890,1
138924,0
32404,1
31773,1
3009,1
16395,1
20031,1
182093,1
93179,1
156780,1
16787,1
83036,1
154263,1
65915,1
53039,1
160401,1
72471,1
125097,1
121251,1
87737,1
106916,1
135060,1
13608,1
1034,1
183645,1
3252,1
191487,1
98046,0
157298,1
176932,0
79906,1
189675,0
14009,1
34881,1
10703,0
133285,0
115430,1
92332,1
81029,1
122279,1
28976,1
137191,1
150442,1
21487,1
118367,0
65426,1
87505,1
118286,0
8585,0
122404,0
109025,1
113753,1
34788,0
2466,1
186830,1
2935,1
101947,1
70236,1
100108,0
102076,0
30030,0
169224,1
120366,1
186061,1
2242,1
61626,1
109427,0
100886,1
32719,1
16291,0
83220,0
11237,1
187195,1
93538,0
95271,1
155036,1
81730,1
45510,1
149991,1
47853,1
11978,1
20133,1
158991,1
24181,1
41000,1
126396,1
7515,1
86270,0
97699,1
127166,1
91787,1
45457,1
105429,1
70524,1
38035,1
52452,0
176862,1
58991,0
141554,1
123694,1
184018,1
79628,1
99420,1
9876,1
85671,1
72801,1
160694,1
177315,1
191445,1
138963,1
111606,1
63376,1
175092,1
557,1
6185,1
109909,1
19908,1
132145,1
153681,1
140204,0
111638,0
111391,1
89039,0
172176,1
8085,1
101209,1
45696,1
45010,1
126184,1
163861,1
66982,1
6169,1
62722,0
77621,1
138748,1
125077,1
101143,1
9780,1
3811,1
137833,1
86587,1
61338,1
62384,1
103591,1
191127,1
1048,1
41932,1
122689,0
146862,1
182230,1
12779,1
148022,1
10906,1
19864,1
30454,1
89318,1
66256,1
109574,1
80153,0
181075,1
105761,0
12171,1
109848,0
39826,1
60417,1
188155,1
23430,1
154499,0
106492,1
9641,1
34306,1
3641,1
142967,1
55224,0
160472,1
98964,1
36887,1
130061,0
100367,1
78323,1
40193,1
91296,1
75115,0
109662,1
47569,1
90350,1
84033,1
163765,1
34068,1
41839,1
137851,1
110425,0
21602,1
101335,0
100509,1
90714,1
90888,1
50715,1
24432,0
112922,0
117737,0
57151,1
50224,1
162803,1
31959,1
21711,1
71967,0
180124,1
126333,1
183393,1
23003,1
83650,1
66479,0
4532,1
191129,1
13288,1
28796,1
164981,1
81347,0
160358,1
11827,0
19623,1
10420,1
132366,0
123763,1
19581,1
151828,1
165544,1
86202,1
167566,1
139929,1
155602,1
42337,0
38425,1
5327,1
60861,1
126013,1
161341,1
2027,1
78380,1
24753,1
150281,1
98617,1
157427,1
159528,0
81045,1
31461,1
149886,1
64430,1
135773,1
38820,1
178320,1
26223,1
163894,1
186506,1
86580,1
87167,1
154946,1
67802,1
80802,1
154469,1
41068,1
183460,1
116998,1
76585,1
29109,1
24028,1
106366,0
47616,1
31313,1
1986,1
172887,1
30780,1
2651,1
8809,1
117115,1
145275,1
55552,1
167134,1
143559,1
113421,1
171367,1
174760,1
53859,0
169531,1
148918,1
121634,1
83990,1
61117,1
45509,1
7238,1
97538,1
75522,1
52881,1
11011,1
114234,1
132767,1
3886,1
166760,1
176948,0
160986,1
171064,1
161097,1
22132,1
176176,1
31752,1
76584,1
148160,1
69421,1
177737,1
27425,0
86418,0
111023,0
168441,1
79868,1
60127,0
144577,1
172567,1
29185,1
80675,1
41191,1
74523,1
95951,1
119915,1
48012,1
161014,1
98575,0
46669,1
155397,1
59703,1
132609,1
37531,1
149117,1
83959,1
119446,1
9202,1
136645,1
142260,1
135016,1
167462,1
69898,1
100134,1
139904,0
72747,1
187639,1
32538,1
182332,1
63216,1
94881,1
10398,1
69653,1
10527,1
91630,1
189315,1
157656,1
188457,1
106109,1
96348,1
76749,1
125277,1
190795,1
143218,1
143406,1
6845,1
52236,0
90110,1
8891,1
18910,0
103225,1
124315,1
123287,1
33295,1
37144,1
114645,0
174182,1
186067,1
45635,1
188911,0
160911,1
61282,1
51881,0
185024,1
101155,1
123755,0
103535,0
132522,1
121969,1
120456,1
97933,0
62362,1
95561,1
99861,1
128003,0
20075,1
101584,1
102474,1
149778,1
79185,1
35723,1
51617,1
135015,1
153883,1
166496,1
150904,1
91719,0
164894,1
171993,1
55953,0
73058,1
115537,1
106867,1
54732,0
188054,1
85595,1
181746,1
187142,1
142537,1
137134,1
68552,1
138317,1
67147,1
44679,1
83765,1
188313,1
72726,1
129859,1
122039,1
96606,1
152621,1
190342,1
39217,0
148556,1
169914,1
91932,1
52547,1
14406,1
186925,1
176671,1
156576,1
148998,1
13738,1
152990,1
26612,1
11399,1
42262,1
66393,1
166528,1
162974,1
153131,1
66545,0
162814,1
165379,1
176047,1
186844,0
133358,1
67228,0
41221,1
173193,1
26879,1
122419,1
138107,1
138307,1
32604,0
9348,1
24104,0
62901,1
146405,1
165513,1
166521,1
137928,1
102827,0
181619,1
171455,1
89738,1
25593,1
189357,1
114000,1
140652,0
158153,1
49743,0
9851,1
33356,0
162952,0
140699,1
44303,1
173391,1
603,1
100553,1
2081,1
119441,0
93809,1
28570,1
166324,1
84994,1
132726,1
146102,1
146752,1
94538,1
104543,1
128338,0
103687,0
61438,1
103857,0
162169,1
72820,0
126895,1
116985,1
70737,1
47810,1
144089,1
2291,1
102503,1
10891,1
25487,1
103485,1
35456,0
189219,1
86803,1
28941,0
145540,1
161743,1
133872,1
150091,1
191493,0
28353,1
129428,1
150177,1
139270,1
125651,1
130426,1
6532,1
160334,1
20156,0
174976,0
94660,1
62899,1
121979,1
96005,0
32857,0
29258,1
62239,1
82634,1
171756,1
161593,1
105164,1
169924,0
117922,1
111061,0
93999,1
16435,1
139062,1
15756,1
130234,1
100447,1
77799,1
13581,1
159065,1
52990,1
95080,1
117552,1
191254,1
123798,0
181488,1
41482,1
25454,1
163757,1
154745,1
61191,1
107430,1
64162,1
121654,1
62688,1
67541,1
93628,0
55095,1
59681,1
146085,1
171397,1
2798,1
25375,1
90694,1
85204,1
177739,0
187847,1
84837,1
154122,1
105650,0
167978,1
13939,1
16562,1
152119,1
139171,1
51467,1
141605,1
5556,1
84234,1
162677,1
93661,0
170834,1
123132,1
146990,1
48876,0
110084,1
106998,1
33077,1
120805,1
72416,1
162781,1
158896,1
182871,1
188585,1
2365,1
60660,1
115900,0
173354,1
143589,1
116504,1
128970,1
120265,1
27690,1
135978,1
174758,1
108447,1
125475,1
189453,1
89723,1
60090,1
73045,1
69506,1
160851,1
160483,1
43237,1
188996,1
170032,1
182112,1
176245,1
183893,1
70122,0
177900,0
174039,1
56785,1
113849,1
161023,1
185663,1
56944,1
91688,1
20130,1
35328,1
38186,1
15350,1
167732,1
62928,1
117859,1
167039,1
70075,1
86205,1
10227,1
7411,1
8121,1
15800,1
91887,1
55489,1
22475,1
47353,0
77362,1
7116,1
153834,1
44499,1
104968,1
5467,1
35267,1
152699,1
172527,1
57304,1
37646,1
33346,0
117092,1
152487,1
177460,1
81350,0
86017,1
184988,1
96040,1
46652,1
131424,0
25788,1
15017,1
79615,1
42509,1
99298,1
92827,0
94799,1
10709,1
36590,1
85922,1
173665,1
29724,1
18609,1
147641,1
4729,1
35046,1
183403,1
158952,1
107192,0
148189,1
156835,1
96039,1
59142,1
158980,1
182466,0
804,1
10047,1
55270,1
143549,1
101693,0
130191,1
179946,1
120128,0
111827,0
144850,1
64388,1
167582,1
160444,1
118039,1
145769,1
110093,0
177613,1
88652,1
78491,0
176684,1
44351,1
146263,1
115083,1
180950,1
154576,1
149777,1
154519,0
36395,1
144970,1
102390,1
25387,1
115312,0
162649,1
110281,1
185957,1
56722,1
68233,1
7389,0
185593,0
24521,1
14790,1
20500,1
47755,0
185216,1
105146,1
44783,1
43798,1
107205,1
26356,1
176038,1
185149,1
171508,1
23735,0
138379,1
683,1
150389,1
54616,1
157260,1
1765,1
133743,0
5302,1
183670,1
46619,1
114891,1
78078,0
68716,1
165719,1
174938,1
82371,1
61139,1
82206,1
50666,0
158958,1
142594,1
120608,0
49969,1
20407,1
14930,1
27232,1
181334,1
138743,1
167976,1
103543,1
171276,1
77345,1
89100,1
162208,1
45423,1
59610,1
181085,1
160156,1
162598,1
89630,1
40664,1
144226,1
165627,1
122401,0
140347,1
57819,0
190840,0
54195,0
2153,1
21133,1
102988,1
148199,1
139680,1
13949,1
82248,1
148867,1
133892,1
55553,0
72193,1
160608,1
20922,1
180147,1
93311,1
56485,0
49631,0
114069,0
155819,1
185308,1
96114,1
64062,1
114693,1
113267,0
103238,1
100411,1
168546,1
54671,1
104140,0
183747,1
41468,1
110292,0
149680,1
91649,1
61598,1
47860,1
163200,1
79181,1
145033,1
54428,1
187926,1
177085,1
82865,1
27767,1
5915,1
124940,0
102605,1
191687,1
118344,1
3325,1
12801,1
114760,1
58290,1
190326,1
9209,0
171763,1
8714,1
49117,0
7776,1
180938,1
158517,1
189934,1
52630,0
149474,1
68147,0
127855,1
35043,1
121290,1
137256,1
145387,1
7508,0
84525,1
52960,1
85797,1
62608,1
87771,1
137553,1
54395,0
182440,1
128920,1
15225,1
154007,1
21480,1
87775,1
176377,1
165753,1
76900,0
132461,1
98490,1
55115,1
171227,1
99564,1
162179,1
155729,1
109531,1
27202,0
45758,1
152745,1
125352,1
67025,1
176697,0
18133,1
84768,1
90727,1
45503,1
181547,1
57039,1
47880,1
75703,1
122543,1
107262,1
167782,1
155620,1
118940,1
12812,1
144638,1
106598,1
22692,1
43542,0
161116,1
116951,1
90795,1
65582,0
146202,1
1646,1
83145,1
15766,1
80723,0
135383,1
146742,1
45656,0
130089,1
17199,1
66847,1
60657,1
44941,1
103728,1
29450,0
130537,1
81563,0
98437,1
69083,1
122178,0
168819,1
130050,1
63625,0
15163,0
167667,1
12785,1
31916,1
66882,1
190859,1
56121,0
165440,1
128618,1
17998,1
160748,1
50097,1
56407,1
45356,1
49093,1
87174,1
16423,1
191663,1
122423,1
29687,0
98147,0
25769,0
64166,1
12062,1
128857,0
165708,1
69822,1
102122,0
66861,1
52787,1
39115,1
64866,1
175575,0
149078,1
134020,1
92760,1
189200,1
127986,1
45258,1
81270,1
91779,1
105484,1
98374,1
59427,1
32812,1
156651,1
33762,1
71968,0
25374,1
85610,1
130789,1
95083,1
36837,1
171555,1
144692,1
48626,0
164912,1
117358,1
40565,1
81156,1
152509,1
80652,1
113783,0
147391,1
46955,1
18585,1
176833,1
99579,1
77558,1
186579,1
117882,0
188185,1
183013,1
55302,1
187206,1
171603,1
81676,1
102222,1
31148,0
133886,1
13017,1
104215,0
130700,1
94921,1
58105,1
1656,1
169338,1
81170,0
135930,0
108379,0
89592,1
158935,1
24332,1
122204,1
56816,1
12420,1
101924,1
25571,1
17886,1
144034,1
116008,1
10454,1
154860,1
88733,1
171950,1
141861,1
158808,1
64145,1
57996,1
86083,1
27896,1
25709,1
153689,1
152957,1
163060,1
69850,0
86110,0
92859,0
153357,1
46342,1
148876,1
113279,1
76092,1
147956,1
36190,1
21738,0
59851,1
106161,1
78968,0
187387,1
15044,1
85813,1
131772,1
56120,1
62499,1
128922,1
76768,1
91159,1
60524,1
103329,1
160701,1
178551,1
77060,1
68628,1
34632,1
89421,1
133505,1
25277,1
97063,0
27267,1
133256,1
45163,1
15235,0
42068,1
183725,0
1396,1
149598,1
154489,0
51696,0
126091,1
101332,1
702,1
138733,1
165048,1
137236,1
119038,1
113906,0
139240,1
138325,1
98785,0
104202,1
146341,1
157904,1
48137,1
68881,1
91101,1
91384,1
18104,1
52954,1
123750,1
133004,1
78753,1
188893,1
168165,1
32336,1
9912,1
166899,1
151317,1
92253,1
25641,1
114098,0
67354,1
152641,1
175333,1
83616,0
65414,0
62180,1
38070,1
149506,1
112030,0
151203,1
19669,1
18559,1
56845,1
113116,1
27890,1
123984,1
16670,1
73293,1
38677,1
148032,1
52592,1
98015,1
65999,1
46661,0
36227,1
64581,1
147855,1
5864,0
52159,1
54071,1
6527,1
12257,1
174146,1
110535,1
131845,1
169368,1
28238,1
114177,0
48048,1
57022,0
112686,1
37299,1
100652,1
83960,1
153777,1
45366,1
92233,1
35027,1
64201,1
93719,1
14907,1
32864,1
122976,1
74614,1
12524,1
171420,1
69642,0
93966,1
188281,1
3628,1
142478,1
160335,1
156350,1
136136,1
134319,1
170864,1
122946,1
49692,0
45824,1
46340,1
104487,1
115626,1
44828,1
13806,1
67658,0
131339,1
83151,1
151362,1
60940,0
23292,1
27944,1
27998,1
84916,1
107405,1
92830,0
105180,1
41614,0
68347,0
52261,0
64419,1
114032,0
108215,1
56072,0
160863,1
24839,0
108254,1
29836,1
12515,1
184492,1
145706,0
62745,0
119982,0
118931,1
188668,0
84379,1
129485,1
87621,1
87939,1
6292,1
325,1
50680,1
140141,1
175535,1
178949,1
124528,1
2997,1
118484,0
122611,1
1652,0
90480,1
24711,1
113413,1
103613,0
33680,0
150818,1
168547,1
20025,1
52996,1
88056,1
173326,1
185213,1
110509,1
74861,1
66953,1
5038,1
130407,0
57162,1
34763,0
35922,1
65946,1
41731,1
18167,1
29112,1
100585,1
80687,0
132286,0
84116,1
186271,1
176687,1
145521,1
14486,1
132054,0
65504,1
93086,1
8637,1
143349,1
82835,1
77605,1
136236,1
88479,1
107379,1
178377,1
35657,1
35476,1
276,1
179718,1
54530,1
158753,1
38642,1
121571,1
1818,1
123452,1
78243,1
62270,0
25155,0
5613,1
153067,1
179330,1
18534,0
14608,1
48075,1
162511,1
161826,1
149318,1
23688,1
101615,1
166866,1
131751,1
162755,1
22989,1
44696,0
104367,1
18049,1
88189,1
114803,1
29331,1
94944,1
18839,1
90875,0
62699,1
30665,1
65907,1
90031,1
181655,1
165559,1
157707,1
126099,1
6014,1
39014,1
73387,0
167470,1
160293,1
55556,0
171607,1
50366,0
22655,1
111227,1
109473,0
122410,0
71347,1
190281,1
48629,1
88277,1
24037,1
28281,1
36460,1
168242,1
62111,1
44911,1
122850,1
836,1
103260,1
2396,1
20595,0
139926,1
171083,1
82588,1
29427,1
30117,1
151195,1
109330,1
143794,1
88535,1
33971,1
42417,1
162796,1
24902,1
77476,1
87077,1
184140,1
140053,1
11731,1
60526,1
93894,1
115262,0
13825,0
46358,1
147386,1
92087,1
64141,1
115836,1
152537,1
162501,1
82119,1
160970,1
99809,1
17511,1
130024,1
9179,1
126681,1
78058,1
175298,1
20194,1
149368,1
50905,1
142691,1
147362,1
50573,1
156453,1
184289,1
163446,1
9084,1
105439,1
120509,1
138131,1
40317,1
133664,1
5497,1
12998,1
97838,0
81893,0
114141,1
137900,1
49859,1
50081,1
156141,1
182747,1
120135,0
93713,1
27792,1
153527,1
107242,1
61972,1
113312,1
162254,1
172552,1
158053,1
187140,1
65656,1
78659,1
165287,1
96849,0
131814,1
83700,1
164953,1
154508,1
49694,1
16861,1
397,1
181224,1
154954,1
58573,1
134677,1
67900,0
190226,1
182029,1
24871,1
178275,1
173777,1
145848,1
57092,1
73685,1
128724,1
80903,1
89914,1
152737,1
187624,1
118847,1
91507,1
140592,1
127339,1
91467,1
32096,1
21375,0
116053,1
154805,1
145118,1
130331,0
168225,1
63200,1
158828,1
50495,0
152461,1
111507,1
100472,1
107880,1
168275,1
189644,1
57669,1
170646,1
107938,1
11543,1
144339,1
163771,1
57784,0
110858,0
7691,1
143714,1
6325,1
190177,1
44394,0
93824,1
64208,0
96729,1
60452,1
151021,1
36282,1
122363,1
58049,1
50892,1
141736,1
155103,1
93184,1
20464,1
67721,0
99612,0
92453,1
78778,1
154618,1
113502,1
159417,1
156618,1
52549,1
126840,1
40981,1
92863,0
106384,1
79626,1
93923,1
20994,0
177282,1
68440,0
165432,1
107427,1
5374,1
160471,1
2170,1
172784,1
7563,1
166794,1
177985,0
176253,1
167645,1
185901,1
120203,0
101596,1
106963,0
149792,1
190247,1
8310,1
83397,1
60477,0
94479,1
132956,1
101058,1
61483,1
9515,1
77116,1
171612,1
56255,1
155628,1
161846,1
71977,1
139074,1
146500,1
44105,0
154004,0
107560,0
127584,1
174568,1
72452,1
19885,0
99787,1
99328,1
120725,1
23404,1
123438,1
177367,1
125121,1
174907,1
181621,1
81649,0
172288,1
186965,1
38841,1
148544,1
44240,0
28718,0
147916,1
4081,1
32394,1
74809,1
3953,1
191316,1
23451,1
65080,1
146049,1
90481,1
150970,1
60104,1
85022,1
60265,1
169126,1
141239,1
63643,0
147484,1
100119,1
56860,0
1074,1
166832,1
9771,1
107630,1
119848,0
190410,1
111798,0
148174,1
180050,1
159891,1
107163,0
91042,0
143324,1
68462,1
166356,1
183940,1
129653,1
145309,1
97741,1
178264,1
8152,0
101157,1
191164,1
66265,1
19071,1
74247,1
62393,1
15361,1
171126,1
41512,1
102093,0
149569,1
38562,1
147617,0
10455,1
95096,1
183587,1
107020,1
14010,1
156997,1
186580,1
41332,1
12126,1
18066,1
539,1
121111,1
169988,1
166353,1
183421,0
43781,1
102973,1
100691,1
168799,1
148950,1
62094,0
141442,1
60372,1
7701,1
25352,0
65565,1
17782,1
62166,1
58955,1
164997,1
186218,1
134739,1
173882,1
86285,0
27222,1
32219,1
113556,1
12734,1
120045,0
80773,0
74856,1
145123,1
161229,1
67495,1
57233,1
113601,1
32103,1
68503,1
93161,1
5180,1
49521,1
61750,1
99410,1
170977,1
165368,1
137298,1
162937,1
101303,1
150546,1
155604,1
86766,1
44154,1
26317,1
36774,1
144216,1
189177,1
23486,1
78706,1
12973,1
187836,1
182160,1
77865,1
71814,1
55624,1
168580,1
125803,1
171302,1
12350,1
86939,1
70946,1
155565,1
190434,1
149173,1
26220,1
11654,1
2596,0
52793,1
63288,1
88116,1
179439,1
48134,1
143222,1
141573,1
134570,0
132980,1
63648,1
155330,1
78284,0
81659,1
111719,1
5510,1
76613,0
15695,0
148911,1
165928,1
92472,1
77161,1
137784,0
38414,1
38554,1
166511,1
137165,1
99159,1
172464,1
89813,1
179498,1
9592,1
85579,0
147960,1
85654,0
114204,0
3227,1
60121,1
114586,0
91845,0
82219,1
139363,1
72191,1
132762,1
85003,1
37489,1
138632,1
116679,1
148453,1
57432,1
18089,1
64719,1
133360,1
90947,0
84244,1
20334,1
22053,0
157574,1
143177,1
51633,1
97941,0
20167,0
94779,1
42154,1
109429,0
27968,1
125417,1
165325,1
97066,1
186162,1
162213,1
67936,1
19510,1
112647,0
17590,1
43604,1
177394,1
24150,1
186979,1
155653,1
131443,1
86593,1
33526,1
174209,1
77439,1
63790,1
164545,1
126213,1
44362,1
176300,1
187691,1
53793,1
72426,0
131064,1
78145,1
171945,1
187111,1
15700,0
151961,1
93391,1
153895,1
53775,1
29693,1
4211,1
162556,1
37697,1
177487,0
168549,1
82576,1
99139,0
107710,1
122271,1
129822,1
131979,1
57253,1
27264,1
82473,1
50360,1
66652,1
49404,1
84483,1
83173,1
150305,1
36871,1
144309,1
154858,1
183557,1
126612,0
149560,1
89626,1
129766,1
105715,1
165911,1
109090,1
21702,1
28883,0
155426,0
24896,1
151207,1
136905,1
130671,1
90899,0
59417,1
159754,1
134169,0
190808,1
145434,1
79627,1
135649,1
139081,1
23699,1
70941,0
116394,0
68613,1
23740,1
180991,1
148969,1
169589,1
135310,1
97513,1
144990,1
145911,1
108986,0
140904,1
18610,1
53367,1
70567,1
184729,1
129893,1
58850,1
24940,1
162177,1
148132,1
81065,1
187502,1
28826,1
45305,1
67524,0
150498,1
101136,1
154311,1
182319,1
72596,1
94397,1
69481,0
11324,1
21762,1
117220,1
80335,1
156393,1
87002,0
156685,1
170588,1
143117,1
15513,0
137411,0
108438,1
34909,1
180246,1
95945,0
190777,0
74853,1
86444,1
145488,1
156462,1
66262,1
25029,1
32934,1
76936,1
42238,1
29090,1
143202,1
43302,1
93649,0
101114,1
112217,1
45166,1
129945,1
30855,1
183881,1
20508,1
128779,1
3636,1
107894,1
156877,1
18917,0
115391,0
160349,1
51057,0
153319,1
187904,1
66582,1
147010,1
105371,1
91756,1
7710,1
182615,1
163592,1
127724,0
137056,1
60390,1
48642,0
3864,1
52371,0
191671,1
26406,1
38011,1
61874,1
54438,0
122194,1
106603,1
123603,1
65406,1
